R0_rect: 0.9999239 0.00983776 -0.00744505 0. -0.0098698 0.9999421 -0.00427846 0. 0.00740253 0.00435161 0.9999631 0. 0. 0. 0. 1.   
P2: 7.215377e+02 0.000000e+00 6.095593e+02 4.485728e+01 0.000000e+00 7.215377e+02 1.728540e+02 2.163791e-01 0.000000e+00 0.000000e+00 1.000000e+00 2.745884e-03 0.000000e+00 0.000000e+00 0.000000e+00 1.000000e+00
Tr_velo_to_cam: 7.533745e-03 -9.999714e-01 -6.166020e-04 -4.069766e-03 1.480249e-02 7.280733e-04 -9.998902e-01 -7.631618e-02 9.998621e-01 7.523790e-03 1.480755e-02 -2.717806e-01 0.000000e+00 0.000000e+00 0.000000e+00 1.000000e+00